,dwave1,dstrength1,,dwave_distances
1,19.98820977,0.002558,,19.98820977
2,44.04606352,0.005518,,24.05785375
3,66.04375636,0.007498,,21.99769284
4,91.81483379,0.010098,,25.77107743
5,114.0826085,0.013248,,22.26777474
6,136.443482,0.01562,,22.3608735
7,165.6464049,0.01806,,29.20292284
8,183.5224568,0.020054,,17.87605194
9,210.6793954,0.022142,,27.15693854
10,230.7955222,0.024238,,20.11612688
11,247.7963352,0.027366,,17.00081292
12,269.8722894,0.030846,,22.07595418
13,284.6545826,0.03313,,14.78229325
14,301.6488239,0.03492,,16.99424132
15,325.0591887,0.037362,,23.41036477
16,346.2210134,0.04012,,21.16182469
17,367.2255036,0.042352,,21.00449026
18,395.4365573,0.04546,,28.21105368
19,419.9292359,0.04722,,24.49267862
20,440.1373561,0.048838,,20.20812012
21,463.8453251,0.051636,,23.70796907
22,489.2343246,0.053784,,25.38899945
23,507.164128,0.056194,,17.92980345
24,523.5053785,0.058422,,16.34125051
25,549.6743092,0.060964,,26.16893066
26,572.7259602,0.063172,,23.05165098
27,602.899486,0.065132,,30.17352579
28,623.4851613,0.067,,20.58567534
29,649.2259167,0.069956,,25.74075539
30,669.7251773,0.072078,,20.49926057
31,690.7552582,0.073566,,21.0300809
32,710.4039582,0.075856,,19.64870003
33,728.6350874,0.077612,,18.23112923
34,741.3674553,0.07946,,12.73236789
35,757.797259,0.081632,,16.42980364
36,775.5434634,0.083712,,17.74620445
37,792.1837289,0.085612,,16.64026544
38,809.2167378,0.087472,,17.03300891
39,828.9381845,0.089548,,19.72144677
40,847.5648696,0.091526,,18.62668511
41,869.7049474,0.093598,,22.14007779
42,888.5766394,0.095478,,18.87169201
43,906.8248758,0.097296,,18.24823633
44,929.4947676,0.099866,,22.6698918
45,948.1131084,0.102156,,18.61834082
46,963.3633881,0.103562,,15.25027968
47,982.8495704,0.105884,,19.48618232
48,1005.177622,0.107808,,22.32805133
49,1023.183891,0.109568,,18.00626884
50,1037.682784,0.111868,,14.49889384
51,1062.001227,0.1137,,24.31844256
52,1078.990206,0.116014,,16.98897861
53,1095.960878,0.117876,,16.97067216
54,1115.455753,0.120626,,19.49487499
55,1137.654407,0.123348,,22.19865448
56,1160.811197,0.12583,,23.1567894
57,1190.754585,0.12846,,29.9433886
58,1211.2865,0.13039,,20.53191522
59,1236.10992,0.132574,,24.82341932
60,1257.085167,0.134926,,20.97524759
61,1284.251168,0.13708,,27.166001
62,1304.164995,0.139842,,19.91382634
63,1324.501152,0.14158,,20.33615721
64,1341.043649,0.144,,16.54249696
65,1362.350204,0.146208,,21.30655503
66,1380.578838,0.148462,,18.22863414
67,1397.765666,0.151234,,17.18682808
68,1421.200055,0.153596,,23.4343892
69,1445.457046,0.155736,,24.25699116
70,1470.541448,0.157612,,25.08440183
71,1491.075156,0.159966,,20.5337082
72,1512.600062,0.16283,,21.52490561
73,1536.701215,0.16492,,24.10115319
74,1560.041345,0.167312,,23.34012944
75,1581.262761,0.169674,,21.22141606
76,1597.548985,0.171898,,16.2862246
77,1618.065292,0.17369,,20.51630645
78,1636.518455,0.175678,,18.45316345
79,1664.888936,0.178028,,28.37048072
80,1690.022385,0.180268,,25.13344904
81,1709.697785,0.182032,,19.67539988
82,1733.915933,0.184414,,24.21814762
83,1759.535872,0.18641,,25.61993986
84,1776.391814,0.188506,,16.85594133
85,1797.883846,0.190906,,21.49203182
86,1820.749757,0.19309,,22.86591188
87,1837.41437,0.195552,,16.66461268
88,1853.374601,0.198104,,15.96023131
89,1871.002703,0.200176,,17.62810169
90,1891.53805,0.202384,,20.5353467
91,1912.674804,0.204792,,21.13675389
92,1931.150346,0.20775,,18.47554192
93,1950.271324,0.210354,,19.12097862
94,1969.71668,0.213112,,19.44535579
95,1991.30351,0.215638,,21.58683003
96,2015.187443,0.21852,,23.8839331
97,2046.17971,0.22115,,30.99226702
98,2071.141838,0.22342,,24.96212807
99,2090.046813,0.225682,,18.90497503
100,2121.078301,0.22792,,31.03148807
101,2146.989966,0.230488,,25.91166423
102,2169.795964,0.232762,,22.80599887
103,2196.130822,0.234958,,26.33485782
104,2218.008736,0.237086,,21.87791414
105,2242.09508,0.239126,,24.08634403
106,2260.663024,0.241748,,18.56794351
107,2282.55868,0.24416,,21.8956563
108,2311.948554,0.246592,,29.38987407
109,2333.423827,0.24882,,21.4752727
110,2357.115854,0.251592,,23.69202712
111,2375.319047,0.254386,,18.20319253
112,2397.151991,0.25656,,21.83294392
113,2417.393654,0.2586,,20.24166379
114,2442.958174,0.261186,,25.56451947
115,2467.005279,0.263396,,24.04710534
116,2490.193829,0.265818,,23.18854969
117,2506.473652,0.268402,,16.27982347
118,2534.270153,0.270868,,27.79650022
119,2556.741232,0.273332,,22.47107932
120,2583.667895,0.275374,,26.92666356
121,2614.595503,0.278098,,30.9276076
122,2635.227133,0.280598,,20.63162948
123,2652.142221,0.283098,,16.91508895
124,2674.627668,0.285748,,22.48544612
125,2704.724624,0.288546,,30.0969568
126,2733.979311,0.291464,,29.25468632
127,2752.533822,0.2938,,18.55451091
128,2778.01077,0.296572,,25.47694889
129,2808.665376,0.299494,,30.6546058
130,2838.065005,0.30209,,29.39962833
131,2861.78054,0.304642,,23.71553548
132,2883.919167,0.306848,,22.1386264
133,2908.612621,0.309322,,24.69345469
134,2926.121412,0.31197,,17.50879064
135,2954.442513,0.314722,,28.32110139
136,2976.938466,0.317208,,22.49595234
137,3003.266123,0.32018,,26.32765764
138,3025.461268,0.322488,,22.19514462
139,3047.631362,0.324946,,22.17009453
140,3075.079864,0.327182,,27.44850137
141,3100.592674,0.329822,,25.51281024
142,3139.47976,0.332836,,38.88708575
143,3159.285678,0.336154,,19.80591778
144,3183.617067,0.338716,,24.33138979
145,3210.714464,0.341756,,27.09739651
146,3239.022682,0.344586,,28.3082177
147,3273.658577,0.347462,,34.63589572
148,3298.850898,0.3506,,25.19232114
149,3327.187817,0.353134,,28.33691891
150,3353.840922,0.355612,,26.65310456
151,3378.247962,0.357884,,24.40703981
152,3409.193787,0.361232,,30.94582497
153,3440.405502,0.364364,,31.21171499
154,3465.58501,0.367234,,25.17950802
155,3497.242077,0.370232,,31.65706713
156,3522.885484,0.373792,,25.64340737
157,3551.597038,0.377114,,28.71155389
158,3575.9433,0.38014,,24.34626151
159,3603.619176,0.38295,,27.67587617
160,3634.160003,0.38675,,30.54082766
161,3666.683106,0.389954,,32.52310254
162,3704.101398,0.393664,,37.41829241
163,3738.669201,0.39707,,34.56780249
164,3769.050397,0.400132,,30.38119621
165,3800.155203,0.402972,,31.10480556
166,3837.80558,0.407344,,37.65037737
167,3868.077531,0.410312,,30.27195119
168,3890.302269,0.413692,,22.22473815
169,3919.024766,0.417392,,28.72249631
170,3955.090092,0.420722,,36.06532648
171,3987.026824,0.423352,,31.93673167
172,4019.873363,0.426668,,32.84653945
173,4048.121378,0.429798,,28.24801492
174,4077.640765,0.432754,,29.51938655
175,4114.947963,0.435828,,37.30719849
176,4153.091917,0.438372,,38.14395365
177,4180.369061,0.44097,,27.27714421
178,4216.523373,0.445648,,36.15431199
179,4241.44258,0.449456,,24.91920732
180,4275.191682,0.453282,,33.74910174
181,4301.849608,0.456724,,26.65792634
182,4328.528922,0.459402,,26.67931376
183,4356.387325,0.46227,,27.85840249
184,4385.837869,0.464972,,29.45054446
185,4421.687457,0.468788,,35.84958802
186,4450.889522,0.472882,,29.20206493
187,4482.004742,0.476436,,31.11522028
188,4510.158612,0.479124,,28.15386936
189,4530.315536,0.481968,,20.15692481
190,4556.884201,0.48506,,26.56866446
191,4590.611534,0.489038,,33.72733337
192,4620.549571,0.492084,,29.93803713
193,4647.296454,0.494198,,26.74688241
194,4673.595416,0.497172,,26.29896227
195,4702.597346,0.500386,,29.00192969
196,4728.733109,0.503678,,26.13576305
197,4754.687401,0.50704,,25.95429166
198,4782.676045,0.510216,,27.98864423
199,4808.174251,0.513028,,25.49820596
200,4837.60942,0.515828,,29.43516928
201,4869.104308,0.520242,,31.49488797
202,4899.589774,0.523766,,30.48546568
203,4921.993222,0.526372,,22.4034488
204,4955.552341,0.529242,,33.55911876
205,4984.061692,0.531552,,28.5093507
206,5010.573938,0.53476,,26.51224647
207,5036.186254,0.53791,,25.61231589
208,5068.346982,0.540826,,32.1607275
209,5098.966243,0.544316,,30.61926133
210,5131.611789,0.547422,,32.64554583
211,5158.60019,0.551106,,26.98840131
212,5184.56737,0.554628,,25.96717951
213,5218.05188,0.557898,,33.48450999
214,5255.512509,0.560768,,37.46062947
215,5287.85662,0.563744,,32.34411122
216,5320.198412,0.566998,,32.34179192
217,5358.237881,0.570544,,38.03946855
218,5393.271537,0.573884,,35.03365607
219,5422.210432,0.576694,,28.93889472
220,5457.13153,0.579322,,34.92109808
221,5499.40468,0.582734,,42.2731505
222,5533.036545,0.586684,,33.63186516
223,5570.173057,0.589608,,37.13651136
224,5603.769147,0.59258,,33.59609005
225,5634.600927,0.595844,,30.83178052
226,5664.622793,0.599938,,30.02186576
227,5697.423828,0.603796,,32.80103478
228,5740.485657,0.607982,,43.06182934
229,5780.882521,0.612296,,40.39686425
230,5824.2131,0.61609,,43.33057854
231,5870.530299,0.62066,,46.31719897
232,5927.88327,0.625674,,57.35297136
233,5984.586704,0.630404,,56.70343385
234,6044.272758,0.63474,,59.68605341
235,6100.873379,0.63987,,56.6006214
236,6157.461523,0.644608,,56.58814392
237,6210.403175,0.650804,,52.94165228
238,6259.902262,0.655194,,49.49908691
239,6311.153572,0.66076,,51.25131011
240,6369.818955,0.666104,,58.66538309
241,6440.972685,0.670234,,71.15372952
242,6516.427813,0.675312,,75.45512837
243,6576.108835,0.683118,,59.68102189
244,6632.449973,0.688238,,56.34113747
245,6694.564787,0.698068,,62.11481457
246,6766.786272,0.708748,,72.22148524
247,6795.747639,0.724382,,28.96136623
248,6861.296907,0.729728,,65.54926881
249,6985.243059,0.733466,,123.9461517
250,7112.186862,0.737124,,126.9438029
251,7272.218385,0.740194,,160.0315229