,dwave1,dstrength1,,dwave_distance
1,28.512737543999997,0.003032,,28.512737543999997
2,50.69421486200002,0.005468,,22.18147732
3,70.28083256199999,0.007514,,19.5866177
4,91.63511470399997,0.00979,,21.35428214
5,114.30018394599998,0.013175999999999997,,22.66506924
6,136.54521295400002,0.015429999999999998,,22.24502901
7,163.00487382800003,0.017995999999999998,,26.45966087
8,186.7616598620001,0.020414,,23.75678603
9,208.65877311400007,0.022955999999999997,,21.89711325
10,227.80639999000002,0.024761999999999992,,19.14762688
11,251.6951425,0.027037999999999996,,23.8887425
12,270.4621145,0.02907,,18.76697202
13,289.8329620079999,0.031252,,19.3708475
14,313.7297179379999,0.033748,,23.89675593
15,335.63158648999996,0.035696,,21.90186855
16,356.67145877599995,0.03826,,21.03987229
17,379.4784449,0.040720000000000006,,22.80698613
18,401.9820758,0.043742,,22.50363089
19,421.9664592719998,0.046221999999999985,,19.98438348
20,443.8321921,0.048948,,21.86573279
21,463.640106,0.050938,,19.80791395
22,485.0245802579999,0.053376,,21.38447424
23,508.3835226819999,0.055624,,23.35894242
24,534.8538678639999,0.058114,,26.47034518
25,560.0832684099998,0.060958,,25.22940055
26,584.7310276399998,0.063278,,24.64775923
27,609.5500247559997,0.065036,,24.81899712
28,626.0597211519998,0.06706,,16.5096964
29,643.0630981679999,0.069356,,17.00337702
30,663.1082149,0.071824,,20.04511678
31,688.9213988,0.074148,,25.81318385
32,711.6736723359998,0.075744,,22.75227354
33,735.4045675839996,0.077484,,23.73089525
34,757.3325582,0.079206,,21.92799059
35,776.1409314219999,0.081506,,18.80837324
36,794.1120785860002,0.082714,,17.97114716
37,813.3710984979998,0.08448,,19.25901991
38,836.4587529239996,0.086558,,23.08765443
39,855.3510361019996,0.088484,,18.89228318
40,875.8744286999998,0.090668,,20.5233926
41,893.7359236839999,0.092376,,17.86149498
42,912.5346046559998,0.093966,,18.79868097
43,931.3346351139995,0.095458,,18.80003046
44,950.1223011400001,0.097416,,18.78766603
45,967.8650851459997,0.099444,,17.74278401
46,990.2444976299998,0.10125399999999997,,22.37941248
47,1013.359691,0.10430199999999999,,23.11519346
48,1034.5488489319996,0.106686,,21.18915784
49,1055.5378911359994,0.10903600000000001,,20.9890422
50,1076.659559,0.110946,,21.12166755
51,1094.5455374599994,0.11301,,17.88597878
52,1115.2140079380001,0.11467799999999999,,20.66847048
53,1138.2331094499998,0.11722400000000002,,23.01910151
54,1158.9042245239998,0.11929600000000001,,20.67111507
55,1178.8584759699997,0.12208000000000004,,19.95425145
56,1197.8785661739998,0.12403799999999997,,19.0200902
57,1219.9206426619996,0.12563,,22.04207649
58,1243.3495318279997,0.12788200000000002,,23.42888917
59,1265.7089365919994,0.13065,,22.35940476
60,1289.3070113019999,0.13288199999999997,,23.59807471
61,1321.4338299319995,0.135294,,32.12681863
62,1347.796605,0.13757400000000003,,26.36277469
63,1368.023758,0.13916600000000004,,20.22715346
64,1394.943707,0.141932,,26.91994876
65,1416.4297030619994,0.14416800000000002,,21.48599622
66,1444.5595099959996,0.146686,,28.12980693
67,1466.0041459299994,0.14964,,21.44463593
68,1489.474546,0.15241000000000005,,23.47039998
69,1504.5866679579997,0.15413600000000005,,15.11212205
70,1529.4937291760004,0.15633999999999998,,24.90706122
71,1552.5395052199995,0.15924000000000008,,23.04577604
72,1578.7352697479998,0.161606,,26.19576453
73,1606.482448,0.163894,,27.7471779
74,1626.9241443540002,0.16636800000000007,,20.4416967
75,1653.0757970099999,0.16851400000000005,,26.15165266
76,1670.0348487619995,0.17116800000000001,,16.95905175
77,1690.3516662799998,0.17372200000000004,,20.31681752
78,1709.856859,0.17625600000000005,,19.50519286
79,1734.5728547299993,0.17807400000000004,,24.71599559
80,1753.9951499920003,0.179758,,19.42229526
81,1776.1161735740002,0.1828280000000001,,22.12102358
82,1803.4109000980002,0.18478200000000006,,27.29472652
83,1830.816388,0.18787000000000012,,27.4054882
84,1856.0338026020002,0.19044799999999998,,25.2174143
85,1879.7375049159994,0.19361200000000003,,23.70370231
86,1906.0306692619988,0.19681200000000001,,26.29316435
87,1929.9210690720001,0.19934600000000002,,23.89039981
88,1957.256078,0.20208399999999999,,27.33500914
89,1979.174303,0.20458800000000005,,21.9182252
90,2006.4819841479996,0.20680600000000005,,27.30768074
91,2029.1065915179993,0.20873000000000008,,22.62460737
92,2053.5845548499997,0.2110860000000001,,24.47796333
93,2077.5100248539993,0.21312200000000003,,23.92547
94,2101.132063,0.2160740000000001,,23.62203828
95,2122.3737710159994,0.2191220000000001,,21.24170788
96,2154.7659627679996,0.22119200000000006,,32.39219175
97,2180.7337342739997,0.22352800000000003,,25.96777151
98,2204.1009520179996,0.226442,,23.36721774
99,2227.788372,0.23002800000000015,,23.68742031
100,2255.900187719999,0.232332,,28.11181539
101,2278.2866074939993,0.23533600000000005,,22.38641977
102,2299.0619379979994,0.23834000000000002,,20.7753305
103,2327.1295023519992,0.24061200000000008,,28.06756435
104,2353.260786,0.24364200000000003,,26.13128336
105,2377.499608865999,0.24636800000000011,,24.23882315
106,2409.7252577579998,0.24926800000000007,,32.22564889
107,2434.4102399259996,0.25201200000000007,,24.68498217
108,2457.3040307879987,0.2548660000000001,,22.89379086
109,2477.2667650159997,0.2575520000000001,,19.96273423
110,2499.9703031879994,0.26072800000000007,,22.70353817
111,2531.0188629259997,0.26421800000000006,,31.04855974
112,2558.305559,0.2671840000000001,,27.28669607
113,2587.470026,0.269864,,29.16446726
114,2610.973113,0.27230600000000005,,23.50308691
115,2633.016844453999,0.27452600000000005,,22.04373129
116,2652.2438792939997,0.27789600000000014,,19.22703484
117,2676.0535673019995,0.28071600000000013,,23.80968801
118,2708.186208895999,0.2833040000000001,,32.13264159
119,2731.9420129579994,0.28660599999999997,,23.75580406
120,2754.882500479999,0.290178,,22.94048752
121,2778.8498099579983,0.2935920000000001,,23.96730948
122,2805.3240062419995,0.29643600000000003,,26.47419628
123,2829.6069762179995,0.298932,,24.28296998
124,2846.695574043999,0.3011220000000001,,17.08859783
125,2873.2678551159997,0.30334800000000006,,26.57228107
126,2896.9201824939996,0.3064680000000001,,23.65232738
127,2924.5584308539997,0.30911,,27.63824836
128,2951.634735207999,0.31187600000000015,,27.07630435
129,2981.428471831999,0.3156920000000001,,29.79373662
130,3021.2373089439993,0.31860000000000005,,39.80883711
131,3045.482353223999,0.32125600000000004,,24.24504428
132,3076.227669,0.32405800000000007,,30.74531578
133,3102.4275204839996,0.32748200000000005,,26.19985148
134,3133.6108344539994,0.3308000000000002,,31.18331397
135,3157.8363051579986,0.333758,,24.2254707
136,3183.8223192099995,0.33686000000000005,,25.98601405
137,3206.7478349519993,0.33981400000000006,,22.92551574
138,3233.574657,0.34333200000000014,,26.82682159
139,3259.0157339639995,0.3468700000000002,,25.44107742
140,3287.970194509999,0.35031000000000007,,28.95446055
141,3310.5193170220005,0.35269000000000017,,22.54912251
142,3334.302174980001,0.3553620000000002,,23.78285796
143,3360.942521479998,0.35783200000000015,,26.6403465
144,3381.2772790299987,0.36004200000000014,,20.33475755
145,3404.820248935999,0.3623440000000002,,23.54296991
146,3430.2237871319994,0.3652320000000001,,25.4035382
147,3453.2075359379987,0.3683880000000002,,22.98374881
148,3475.3097359820003,0.37254800000000016,,22.10220004
149,3503.0800776579977,0.37492800000000004,,27.77034168
150,3523.8805174919994,0.3780580000000003,,20.80043983
151,3550.7319137159984,0.38021400000000016,,26.85139622
152,3573.5528851959994,0.3838300000000001,,22.82097148
153,3597.0274829879986,0.3863660000000001,,23.47459779
154,3624.0706704699983,0.3889640000000001,,27.04318748
155,3645.2845051699983,0.3918840000000002,,21.2138347
156,3669.1259821599997,0.39442600000000005,,23.84147699
157,3694.5208865519985,0.39689399999999997,,25.39490439
158,3722.269967691999,0.3991400000000002,,27.74908114
159,3742.4873250219985,0.4014360000000001,,20.21735733
160,3766.7708808559983,0.4041380000000002,,24.28355583
161,3792.4353524399985,0.40714,,25.66447158
162,3816.4641240219994,0.41034800000000005,,24.02877158
163,3840.039736397999,0.41340999999999994,,23.57561238
164,3862.6270582079997,0.4167860000000001,,22.58732181
165,3892.097304,0.41992200000000013,,29.47024612
166,3924.699932631999,0.4226240000000002,,32.6026283
167,3949.2821714159986,0.4257700000000002,,24.58223878
168,3974.9069227899977,0.4282540000000001,,25.62475137
169,4000.3453035739994,0.431058,,25.43838078
170,4023.691240402002,0.43375600000000014,,23.34593683
171,4053.898478,0.43659400000000015,,30.20723724
172,4082.855623,0.4395420000000002,,28.95714528
173,4110.349079023998,0.4430140000000003,,27.4934561
174,4140.573059807999,0.4455280000000002,,30.22398078
175,4170.288886353999,0.4482420000000002,,29.71582655
176,4197.6695631699995,0.45088400000000034,,27.38067682
177,4224.613073204001,0.4549280000000001,,26.94351003
178,4258.899375524001,0.4575260000000001,,34.28630232
179,4288.722164789999,0.45992200000000016,,29.82278927
180,4320.277750609999,0.46314200000000016,,31.55558582
181,4346.099958655998,0.465796,,25.82220805
182,4374.385012803999,0.4687340000000001,,28.28505415
183,4404.255975829999,0.47199400000000014,,29.87096303
184,4432.669838159999,0.47494,,28.41386233
185,4467.270477401999,0.4778440000000001,,34.60063924
186,4497.5107133659985,0.4810200000000001,,30.24023596
187,4530.786799,0.4839300000000002,,33.27608523
188,4562.721006642001,0.48627,,31.93420804
189,4601.488884614002,0.4890920000000001,,38.76787797
190,4636.31334,0.491572,,34.82445555
191,4664.844554,0.4955580000000001,,28.53121397
192,4696.198988,0.4989400000000002,,31.35443418
193,4726.403090173999,0.5023520000000002,,30.20410186
194,4762.9497817579995,0.5053960000000002,,36.54669158
195,4798.565213,0.5086260000000001,,35.61543133
196,4831.704291,0.5117200000000002,,33.13907817
197,4873.122584,0.5148240000000002,,41.41829226
198,4902.679458435999,0.517904,,29.55687491
199,4933.678865,0.5214680000000003,,30.99940613
200,4961.3175,0.5248680000000001,,27.63863535
201,4997.1669240599995,0.5274960000000001,,35.84942414
202,5037.7377147279985,0.530688,,40.57079067
203,5080.902008618001,0.5340780000000002,,43.16429389
204,5120.376431316001,0.5370460000000001,,39.4744227
205,5153.444854,0.5411660000000001,,33.06842247
206,5181.393031440001,0.5450160000000002,,27.94817765
207,5219.533350148001,0.5479720000000001,,38.14031871
208,5266.229856669999,0.552036,,46.69650652
209,5310.534934133999,0.5546040000000001,,44.30507746
210,5342.6141,0.5579020000000001,,32.07916626
211,5377.146647896001,0.5607540000000002,,34.53254751
212,5420.231149950001,0.5637920000000003,,43.08450205
213,5458.254542226001,0.5689560000000001,,38.02339228
214,5498.000799402001,0.5721540000000003,,39.74625718
215,5535.076633,0.5762080000000003,,37.07583403
216,5576.781928426001,0.5790500000000002,,41.705295
217,5620.603838092002,0.5825680000000003,,43.82190967
218,5674.743682092001,0.585154,,54.139844
219,5715.8014533059995,0.5885400000000003,,41.05777121
220,5765.149471,0.5921640000000001,,49.34801792
221,5804.593316370002,0.5955880000000002,,39.44384515
222,5845.204385,0.599268,,40.61106911
223,5891.592512622002,0.6028760000000002,,46.38812714
224,5948.498307928001,0.6067480000000002,,56.90579531
225,5995.269420874001,0.6107360000000003,,46.77111295
226,6029.683153684002,0.6147180000000002,,34.41373281
227,6083.423430684002,0.6191100000000003,,53.740277
228,6135.136512662002,0.6230380000000003,,51.71308198
229,6181.248628942001,0.6268240000000003,,46.11211628
230,6218.965120526001,0.6305960000000003,,37.71649158
231,6266.551524,0.6343420000000002,,47.58640383
232,6318.517821078002,0.6385020000000001,,51.96629673
233,6364.478426404002,0.6422480000000003,,45.96060533
234,6411.357959026001,0.6458040000000002,,46.87953262
235,6466.118241523999,0.6505600000000002,,54.7602825
236,6507.3633051980005,0.6547480000000001,,41.24506367
237,6554.5255723380005,0.6580680000000002,,47.16226714
238,6600.847246866001,0.6616260000000003,,46.32167453
239,6642.181357,0.6656440000000003,,41.33411042
240,6690.719799298002,0.6697820000000001,,48.53844201
241,6738.686240716002,0.6748340000000002,,47.96644142
242,6793.232975,0.6801500000000005,,54.54673466
243,6852.393090038003,0.6847520000000001,,59.16011466
244,6903.454281814001,0.6896860000000004,,51.06119178
245,6954.531109,0.6965760000000003,,51.07682746
246,7024.574697,0.7045440000000004,,70.0435877
247,7087.502443917998,0.7152380000000004,,62.92774694
248,7147.062772682002,0.7261280000000003,,59.56032876
249,7186.055297420002,0.731344,,38.99252474
250,7220.402503184001,0.7351200000000003,,34.34720576
251,7272.218384891999,0.7401940000000002,,51.81588171